(1001,12)
(1002,889)
(1003,124)
(1004,629)
(1005,262)
(1006,871)
(1007,958)
(1008,540)
(1009,725)
(1010,280)
(1011,323)
(1012,4)
(1013,550)
(1014,975)
(1015,759)
(1016,117)
(1017,941)
(1018,710)
(1019,416)
(1020,195)
(1021,741)
(1022,506)
(1023,882)
(1024,152)
(1025,374)
(1026,418)
(1027,132)
(1028,670)
(1029,723)
(1030,628)
(1031,583)
(1032,258)
(1033,42)
(1034,112)
(1035,47)
(1036,137)
(1037,691)
(1038,884)
(1039,610)
(1040,150)
(1041,593)
(1042,283)
(1043,193)
(1044,295)
(1045,599)
(1046,721)
(1047,682)
(1048,573)
(1049,381)
(1050,356)
(1051,354)
(1052,941)
(1053,831)
(1054,318)
(1055,363)
(1056,788)
(1057,603)
(1058,519)
(1059,61)
(1060,68)
(1061,369)
(1062,44)
(1063,245)
(1064,139)
(1065,266)
(1066,382)
(1067,3)
(1068,370)
(1069,966)
(1070,783)
(1071,35)
(1072,295)
(1073,345)
(1074,8)
(1075,856)
(1076,384)
(1077,404)
(1078,648)
(1079,46)
(1080,47)
(1081,285)
(1082,387)
(1083,396)
(1084,395)
(1085,610)
(1086,65)
(1087,4)
(1088,683)
(1089,451)
(1090,505)
(1091,470)
(1092,542)
(1093,489)
(1094,530)
(1095,706)
(1096,2)
(1097,394)
(1098,394)
(1099,823)
(1100,784)
(1101,776)
(1102,579)
(1103,1061)
(1104,1065)
(1105,119)
(1106,413)
(1107,27)
(1108,589)
(1109,194)
(1110,940)
(1111,283)
(1112,191)
(1113,1070)
(1114,574)
(1115,954)
(1116,163)
(1117,922)
(1118,147)
(1119,208)
(1120,586)
(1121,516)
(1122,477)
(1123,753)
(1124,1014)
(1125,171)
(1126,665)
(1127,853)
(1128,187)
(1129,415)
(1130,343)
(1131,103)
(1132,803)
(1133,50)
(1134,1008)
(1135,405)
(1136,109)
(1137,589)
(1138,867)
(1139,937)
(1140,1093)
(1141,923)
(1142,380)
(1143,186)
(1144,988)
(1145,955)
(1146,326)
(1147,697)
(1148,46)
(1149,1147)
(1150,1044)
(1151,258)
(1152,286)
(1153,198)
(1154,501)
(1155,633)
(1156,295)
(1157,640)
(1158,999)
(1159,564)
(1160,110)
(1161,1016)
(1162,640)
(1163,862)
(1164,499)
(1165,346)
(1166,944)
(1167,42)
(1168,65)
(1169,160)
(1170,34)
(1171,434)
(1172,585)
(1173,1070)
(1174,487)
(1175,184)
(1176,297)
(1177,1035)
(1178,276)
(1179,383)
(1180,1001)
(1181,944)
(1182,28)
(1183,1)
(1184,228)
(1185,28)
(1186,1019)
(1187,41)
(1188,721)
(1189,876)
(1190,913)
(1191,606)
(1192,180)
(1193,261)
(1194,1140)
(1195,67)
(1196,701)
(1197,842)
(1198,341)
(1199,489)
(1200,32)
(1201,691)
(1202,352)
(1203,1055)
(1204,7)
(1205,1198)
(1206,1079)
(1207,96)
(1208,151)
(1209,47)
(1210,446)
(1211,993)
(1212,550)
(1213,1058)
(1214,1141)
(1215,928)
(1216,1123)
(1217,99)
(1218,699)
(1219,716)
(1220,1135)
(1221,3)
(1222,1135)
(1223,722)
(1224,118)
(1225,1157)
(1226,58)
(1227,320)
(1228,937)
(1229,51)
(1230,774)
(1231,447)
(1232,44)
(1233,866)
(1234,711)
(1235,136)
(1236,593)
(1237,717)
(1238,411)
(1239,1070)
(1240,1)
(1241,967)
(1242,253)
(1243,59)
(1244,435)
(1245,493)
(1246,529)
(1247,534)
(1248,263)
(1249,991)
(1250,439)
(1251,991)
(1252,860)
(1253,1006)
(1254,367)
(1255,134)
(1256,221)
(1257,353)
(1258,412)
(1259,804)
(1260,283)
(1261,690)
(1262,50)
(1263,300)
(1264,42)
(1265,52)
(1266,1010)
(1267,850)
(1268,802)
(1269,398)
(1270,1106)
(1271,948)
(1272,406)
(1273,1014)
(1274,1242)
(1275,923)
(1276,369)
(1277,872)
(1278,69)
(1279,215)
(1280,716)
(1281,170)
(1282,206)
(1283,293)
(1284,160)
(1285,1)
(1286,21)
(1287,734)
(1288,534)
(1289,47)
(1290,284)
(1291,621)
(1292,1142)
(1293,440)
(1294,358)
(1295,349)
(1296,44)
(1297,475)
(1298,3)
(1299,232)
(1300,439)
(1301,914)
(1302,896)
(1303,1258)
(1304,726)
(1305,842)
(1306,1)
(1307,59)
(1308,786)
(1309,732)
(1310,913)
(1311,468)
(1312,186)
(1313,595)
(1314,1192)
(1315,364)
(1316,342)
(1317,1011)
(1318,1039)
(1319,459)
(1320,518)
(1321,44)
(1322,380)
(1323,1248)
(1324,53)
(1325,664)
(1326,239)
(1327,438)
(1328,958)
(1329,1107)
(1330,287)
(1331,315)
(1332,1177)
(1333,1278)
(1334,51)
(1335,404)
(1336,349)
(1337,884)
(1338,96)
(1339,237)
(1340,968)
(1341,1060)
(1342,673)
(1343,1168)
(1344,225)
(1345,535)
(1346,1288)
(1347,512)
(1348,998)
(1349,347)
(1350,3)
(1351,502)
(1352,44)
(1353,1177)
(1354,243)
(1355,820)
(1356,648)
(1357,388)
(1358,1067)
(1359,138)
(1360,1263)
(1361,383)
(1362,165)
(1363,121)
(1364,37)
(1365,215)
(1366,1301)
(1367,476)
(1368,307)
(1369,1190)
(1370,66)
(1371,461)
(1372,583)
(1373,186)
(1374,3)
(1375,943)
(1376,438)
(1377,703)
(1378,174)
(1379,535)
(1380,239)
(1381,1112)
(1382,161)
(1383,698)
(1384,972)
(1385,1102)
(1386,1171)
(1387,152)
(1388,516)
(1389,370)
(1390,81)
(1391,286)
(1392,882)
(1393,1325)
(1394,19)
(1395,536)
(1396,233)
(1397,981)
(1398,614)
(1399,380)
(1400,486)
(1401,805)
(1402,732)
(1403,437)
(1404,592)
(1405,423)
(1406,286)
(1407,1405)
(1408,362)
(1409,1245)
(1410,639)
(1411,357)
(1412,1053)
(1413,9)
(1414,853)
(1415,90)
(1416,901)
(1417,23)
(1418,1011)
(1419,420)
(1420,192)
(1421,669)
(1422,753)
(1423,713)
(1424,553)
(1425,320)
(1426,335)
(1427,532)
(1428,336)
(1429,816)
(1430,280)
(1431,551)
(1432,320)
(1433,990)
(1434,913)
(1435,887)
(1436,765)
(1437,211)
(1438,320)
(1439,801)
(1440,106)
(1441,486)
(1442,8)
(1443,477)
(1444,932)
(1445,433)
(1446,880)
(1447,654)
(1448,502)
(1449,172)
(1450,916)
(1451,922)
(1452,1043)
(1453,724)
(1454,86)
(1455,1099)
(1456,312)
(1457,1058)
(1458,307)
(1459,1331)
(1460,1441)
(1461,378)
(1462,734)
(1463,321)
(1464,255)
(1465,157)
(1466,819)
(1467,136)
(1468,950)
(1469,1116)
(1470,459)
(1471,1414)
(1472,42)
(1473,947)
(1474,197)
(1475,522)
(1476,1014)
(1477,809)
(1478,722)
(1479,33)
(1480,8)
(1481,57)
(1482,1029)
(1483,1470)
(1484,90)
(1485,1260)
(1486,2)
(1487,1186)
(1488,24)
(1489,361)
(1490,219)
(1491,47)
(1492,1116)
(1493,70)
(1494,1212)
(1495,1118)
(1496,601)
(1497,156)
(1498,381)
(1499,1222)
(1500,2)
(1501,488)
(1502,374)
(1503,283)
(1504,386)
(1505,78)
(1506,570)
(1507,671)
(1508,571)
(1509,1267)
(1510,283)
(1511,632)
(1512,199)
(1513,837)
(1514,755)
(1515,261)
(1516,1125)
(1517,326)
(1518,4)
(1519,320)
(1520,1378)
(1521,1399)
(1522,423)
(1523,556)
(1524,260)
(1525,191)
(1526,118)
(1527,1500)
(1528,636)
(1529,392)
(1530,1114)
(1531,267)
(1532,792)
(1533,1034)
(1534,847)
(1535,383)
(1536,246)
(1537,536)
(1538,357)
(1539,587)
(1540,74)
(1541,180)
(1542,290)
(1543,17)
(1544,961)
(1545,44)
(1546,443)
(1547,642)
(1548,504)
(1549,132)
(1550,1391)
(1551,948)
(1552,240)
(1553,750)
(1554,405)
(1555,2)
(1556,506)
(1557,487)
(1558,637)
(1559,131)
(1560,1333)
(1561,939)
(1562,880)
(1563,3)
(1564,41)
(1565,1)
(1566,86)
(1567,1212)
(1568,561)
(1569,278)
(1570,156)
(1571,545)
(1572,1461)
(1573,10)
(1574,1032)
(1575,1289)
(1576,3)
(1577,234)
(1578,423)
(1579,109)
(1580,1426)
(1581,910)
(1582,373)
(1583,302)
(1584,110)
(1585,376)
(1586,660)
(1587,410)
(1588,1572)
(1589,880)
(1590,816)
(1591,643)
(1592,404)
(1593,156)
(1594,5)
(1595,902)
(1596,341)
(1597,44)
(1598,607)
(1599,904)
(1600,154)
(1601,853)
(1602,589)
(1603,738)
(1604,68)
(1605,132)
(1606,1444)
(1607,866)
(1608,61)
(1609,960)
(1610,809)
(1611,433)
(1612,698)
(1613,47)
(1614,746)
(1615,405)
(1616,42)
(1617,653)
(1618,1050)
(1619,160)
(1620,754)
(1621,41)
(1622,47)
(1623,1325)
(1624,567)
(1625,61)
(1626,486)
(1627,117)
(1628,1624)
(1629,813)
(1630,375)
(1631,51)
(1632,919)
(1633,587)
(1634,592)
(1635,23)
(1636,247)
(1637,1529)
(1638,1537)
(1639,850)
(1640,1241)
(1641,502)
(1642,613)
(1643,175)
(1644,377)
(1645,669)
(1646,1421)
(1647,81)
(1648,762)
(1649,1364)
(1650,534)
(1651,446)
(1652,456)
(1653,851)
(1654,727)
(1655,481)
(1656,809)
(1657,501)
(1658,441)
(1659,824)
(1660,42)
(1661,3)
(1662,1296)
(1663,252)
(1664,242)
(1665,1612)
(1666,1453)
(1667,473)
(1668,162)
(1669,167)
(1670,564)
(1671,1593)
(1672,351)
(1673,1023)
(1674,1672)
(1675,607)
(1676,88)
(1677,1193)
(1678,1446)
(1679,776)
(1680,1424)
(1681,715)
(1682,648)
(1683,571)
(1684,674)
(1685,1314)
(1686,1384)
(1687,216)
(1688,391)
(1689,176)
(1690,1266)
(1691,1079)
(1692,1078)
(1693,397)
(1694,1163)
(1695,533)
(1696,1087)
(1697,277)
(1698,111)
(1699,913)
(1700,536)
(1701,3)
(1702,103)
(1703,837)
(1704,320)
(1705,952)
(1706,412)
(1707,1302)
(1708,1454)
(1709,1408)
(1710,1579)
(1711,1267)
(1712,1533)
(1713,152)
(1714,942)
(1715,241)
(1716,1104)
(1717,464)
(1718,286)
(1719,383)
(1720,108)
(1721,145)
(1722,277)
(1723,1079)
(1724,899)
(1725,1672)
(1726,171)
(1727,1077)
(1728,145)
(1729,1030)
(1730,1319)
(1731,161)
(1732,553)
(1733,506)
(1734,39)
(1735,252)
(1736,79)
(1737,236)
(1738,1283)
(1739,768)
(1740,227)
(1741,1126)
(1742,421)
(1743,1678)
(1744,320)
(1745,220)
(1746,471)
(1747,242)
(1748,476)
(1749,480)
(1750,811)
(1751,1378)
(1752,380)
(1753,592)
(1754,156)
(1755,448)
(1756,507)
(1757,902)
(1758,1564)
(1759,822)
(1760,1455)
(1761,1621)
(1762,754)
(1763,1641)
(1764,989)
(1765,353)
(1766,834)
(1767,885)
(1768,246)
(1769,697)
(1770,1613)
(1771,1118)
(1772,1683)
(1773,1064)
(1774,939)
(1775,44)
(1776,267)
(1777,1700)
(1778,985)
(1779,232)
(1780,581)
(1781,1106)
(1782,1)
(1783,216)
(1784,117)
(1785,1732)
(1786,64)
(1787,196)
(1788,256)
(1789,341)
(1790,1597)
(1791,748)
(1792,535)
(1793,75)
(1794,1038)
(1795,1313)
(1796,263)
(1797,1569)
(1798,1252)
(1799,679)
(1800,1516)
(1801,1485)
(1802,1431)
(1803,512)
(1804,335)
(1805,2)
(1806,216)
(1807,568)
(1808,1109)
(1809,1370)
(1810,760)
(1811,46)
(1812,110)
(1813,252)
(1814,1208)
(1815,1538)
(1816,2)
(1817,320)
(1818,777)
(1819,455)
(1820,1595)
(1821,1766)
(1822,1147)
(1823,1073)
(1824,498)
(1825,1318)
(1826,189)
(1827,1565)
(1828,1176)
(1829,362)
(1830,279)
(1831,1616)
(1832,346)
(1833,883)
(1834,624)
(1835,1456)
(1836,1014)
(1837,986)
(1838,126)
(1839,1811)
(1840,110)
(1841,639)
(1842,1579)
(1843,331)
(1844,312)
(1845,109)
(1846,351)
(1847,360)
(1848,554)
(1849,1794)
(1850,641)
(1851,1747)
(1852,1746)
(1853,899)
(1854,1239)
(1855,963)
(1856,495)
(1857,26)
(1858,1373)
(1859,607)
(1860,125)
(1861,1198)
(1862,360)
(1863,1229)
(1864,808)
(1865,313)
(1866,1084)
(1867,44)
(1868,396)
(1869,723)
(1870,327)
(1871,260)
(1872,42)
(1873,212)
(1874,1216)
(1875,366)
(1876,739)
(1877,573)
(1878,202)
(1879,156)
(1880,742)
(1881,527)
(1882,286)
(1883,308)
(1884,129)
(1885,37)
(1886,497)
(1887,846)
(1888,1396)
(1889,50)
(1890,746)
(1891,1023)
(1892,196)
(1893,1355)
(1894,239)
(1895,725)
(1896,1236)
(1897,1436)
(1898,725)
(1899,555)
(1900,667)
(1901,37)
(1902,23)
(1903,546)
(1904,715)
(1905,1457)
(1906,674)
(1907,1560)
(1908,117)
(1909,161)
(1910,555)
(1911,50)
(1912,934)
(1913,789)
(1914,149)
(1915,309)
(1916,1345)
(1917,342)
(1918,1112)
(1919,1011)
(1920,696)
(1921,840)
(1922,265)
(1923,394)
(1924,3)
(1925,1248)
(1926,42)
(1927,725)
(1928,214)
(1929,1201)
(1930,1350)
(1931,340)
(1932,1675)
(1933,47)
(1934,954)
(1935,1258)
(1936,1638)
(1937,357)
(1938,118)
(1939,573)
(1940,645)
(1941,736)
(1942,445)
(1943,89)
(1944,469)
(1945,1258)
(1946,4)
(1947,1671)
(1948,1732)
(1949,1303)
(1950,1278)
(1951,53)
(1952,680)
(1953,1107)
(1954,206)
(1955,1133)
(1956,1754)
(1957,1318)
(1958,45)
(1959,130)
(1960,859)
(1961,1464)
(1962,307)
(1963,627)
(1964,1311)
(1965,379)
(1966,421)
(1967,1949)
(1968,1378)
(1969,857)
(1970,4)
(1971,216)
(1972,948)
(1973,244)
(1974,70)
(1975,500)
(1976,699)
(1977,916)
(1978,879)
(1979,1617)
(1980,140)
(1981,328)
(1982,328)
(1983,866)
(1984,1373)
(1985,660)
(1986,1133)
(1987,530)
(1988,53)
(1989,1878)
(1990,1142)
(1991,1861)
(1992,1617)
(1993,190)
(1994,1403)
(1995,320)
(1996,725)
(1997,160)
(1998,267)
(1999,1312)
(2000,1204)
(2001,490)
(2002,1116)
(2003,860)
(2004,9)
(2005,1870)
(2006,1516)
(2007,114)
(2008,1052)
(2009,1152)
(2010,308)
(2011,929)
(2012,1052)
(2013,750)
(2014,1998)
(2015,1642)
(2016,120)
(2017,1697)
(2018,854)
(2019,54)
(2020,904)
(2021,376)
(2022,1014)
(2023,157)
(2024,1305)
(2025,1)
(2026,743)
(2027,1183)
(2028,2)
(2029,660)
(2030,1033)
(2031,1801)
(2032,204)
(2033,192)
(2034,469)
(2035,1005)
(2036,1565)
(2037,320)
(2038,740)
(2039,1428)
(2040,899)
(2041,1894)
(2042,449)
(2043,748)
(2044,1395)
(2045,802)
(2046,854)
(2047,981)
(2048,165)
(2049,1094)
(2050,589)
(2051,835)
(2052,1500)
(2053,1483)
(2054,1922)
(2055,1250)
(2056,2048)
(2057,441)
(2058,1115)
(2059,819)
(2060,1115)
(2061,1321)
(2062,857)
(2063,3)
(2064,3)
(2065,1178)
(2066,914)
(2067,1636)
(2068,415)
(2069,1648)
(2070,1649)
(2071,1381)
(2072,1073)
(2073,1408)
(2074,453)
(2075,848)
(2076,688)
(2077,983)
(2078,133)
(2079,1717)
(2080,811)
(2081,753)
(2082,1393)
(2083,1302)
(2084,948)
(2085,1067)
(2086,1147)
(2087,354)
(2088,421)
(2089,1133)
(2090,205)
(2091,1526)
(2092,1239)
(2093,37)
(2094,1984)
(2095,154)
(2096,590)
(2097,854)
(2098,1881)
(2099,841)
(2100,144)
(2101,972)
(2102,16)
(2103,683)
(2104,193)
(2105,1739)
(2106,1427)
(2107,1)
(2108,1116)
(2109,82)
(2110,2002)
(2111,1437)
(2112,338)
(2113,55)
(2114,161)
(2115,1842)
(2116,1193)
(2117,375)
(2118,964)
(2119,1460)
(2120,134)
(2121,482)
(2122,1014)
(2123,1626)
(2124,1266)
(2125,981)
(2126,1049)
(2127,1465)
(2128,373)
(2129,2111)
(2130,280)
(2131,777)
(2132,231)
(2133,407)
(2134,53)
(2135,161)
(2136,1806)
(2137,778)
(2138,163)
(2139,693)
(2140,1678)
(2141,1088)
(2142,3)
(2143,614)
(2144,1612)
(2145,935)
(2146,1172)
(2147,354)
(2148,1536)
(2149,1864)
(2150,546)
(2151,1790)
(2152,995)
(2153,1873)
(2154,628)
(2155,478)
(2156,456)
(2157,543)
(2158,41)
(2159,86)
(2160,42)
(2161,1451)
(2162,267)
(2163,320)
(2164,1362)
(2165,120)
(2166,2008)
(2167,1107)
(2168,576)
(2169,1944)
(2170,1833)
(2171,383)
(2172,1603)
(2173,1022)
(2174,362)
(2175,1052)
(2176,1557)
(2177,801)
(2178,57)
(2179,473)
(2180,320)
(2181,67)
(2182,2155)
(2183,260)
(2184,53)
(2185,528)
(2186,747)
(2187,1458)
(2188,25)
(2189,745)
(2190,1880)
(2191,243)
(2192,1357)
(2193,78)
(2194,2023)
(2195,1219)
(2196,740)
(2197,868)
(2198,988)
(2199,1470)
(2200,678)
(2201,629)
(2202,1183)
(2203,2032)
(2204,1861)
(2205,976)
(2206,880)
(2207,1090)
(2208,407)
(2209,1896)
(2210,802)
(2211,424)
(2212,1893)
(2213,866)
(2214,915)
(2215,183)
(2216,353)
(2217,1603)
(2218,1467)
(2219,2069)
(2220,2200)
(2221,27)
(2222,120)
(2223,1503)
(2224,1467)
(2225,1964)
(2226,44)
(2227,1250)
(2228,1247)
(2229,27)
(2230,876)
(2231,253)
(2232,372)
(2233,1438)
(2234,1873)
(2235,1250)
(2236,1556)
(2237,1)
(2238,847)
(2239,1613)
(2240,1229)
(2241,260)
(2242,1100)
(2243,486)
(2244,1014)
(2245,196)
(2246,534)
(2247,590)
(2248,752)
(2249,346)
(2250,475)
(2251,590)
(2252,37)
(2253,992)
(2254,405)
(2255,185)
(2256,46)
(2257,145)
(2258,38)
(2259,1623)
(2260,320)
(2261,1806)
(2262,2101)
(2263,821)
(2264,1159)
(2265,1719)
(2266,47)
(2267,913)
(2268,1329)
(2269,47)
(2270,892)
(2271,221)
(2272,828)
(2273,1152)
(2274,221)
(2275,267)
(2276,1487)
(2277,484)
(2278,1718)
(2279,120)
(2280,697)
(2281,36)
(2282,412)
(2283,2225)
(2284,844)
(2285,680)
(2286,1853)
(2287,2280)
(2288,73)
(2289,2029)
(2290,15)
(2291,274)
(2292,1643)
(2293,2051)
(2294,2010)
(2295,596)
(2296,583)
(2297,946)
(2298,2086)
(2299,1587)
(2300,1279)
(2301,2164)
(2302,821)
(2303,1657)
(2304,797)
(2305,261)
(2306,902)
(2307,2072)
(2308,318)
(2309,671)
(2310,1978)
(2311,154)
(2312,371)
(2313,736)
(2314,1)
(2315,1340)
(2316,1997)
(2317,2167)
(2318,1207)
(2319,613)
(2320,1332)
(2321,45)
(2322,1206)
(2323,247)
(2324,1589)
(2325,777)
(2326,1029)
(2327,1179)
(2328,1222)
(2329,189)
(2330,1571)
(2331,976)
(2332,175)
(2333,133)
(2334,1618)
(2335,279)
(2336,53)
(2337,383)
(2338,1802)
(2339,2214)
(2340,751)
(2341,148)
(2342,2317)
(2343,1067)
(2344,95)
(2345,1514)
(2346,913)
(2347,92)
(2348,334)
(2349,3)
(2350,784)
(2351,659)
(2352,1391)
(2353,450)
(2354,1079)
(2355,1182)
(2356,110)
(2357,166)
(2358,245)
(2359,2237)
(2360,2024)
(2361,595)
(2362,1833)
(2363,1858)
(2364,1037)
(2365,298)
(2366,1193)
(2367,619)
(2368,812)
(2369,1115)
(2370,707)
(2371,1438)
(2372,1420)
(2373,1702)
(2374,2278)
(2375,1038)
(2376,208)
(2377,196)
(2378,2172)
(2379,653)
(2380,215)
(2381,50)
(2382,1298)
(2383,577)
(2384,1374)
(2385,1441)
(2386,898)
(2387,101)
(2388,1087)
(2389,687)
(2390,2359)
(2391,387)
(2392,1873)
(2393,1144)
(2394,1)
(2395,539)
(2396,1795)
(2397,1218)
(2398,1265)
(2399,1615)
(2400,946)
(2401,1569)
(2402,1343)
(2403,369)
(2404,111)
(2405,2024)
(2406,52)
(2407,448)
(2408,457)
(2409,1055)
(2410,374)
(2411,2339)
(2412,255)
(2413,2261)
(2414,481)
(2415,1916)
(2416,381)
(2417,1106)
(2418,1666)
(2419,1698)
(2420,489)
(2421,3)
(2422,1529)
(2423,2404)
(2424,317)
(2425,567)
(2426,1427)
(2427,2154)
(2428,780)
(2429,2105)
(2430,2262)
(2431,6)
(2432,109)
(2433,35)
(2434,361)
(2435,738)
(2436,431)
(2437,182)
(2438,408)
(2439,596)
(2440,1739)
(2441,852)
(2442,1667)
(2443,2221)
(2444,382)
(2445,235)
(2446,890)
(2447,326)
(2448,1300)
(2449,50)
(2450,185)
(2451,1114)
(2452,77)
(2453,2379)
(2454,1554)
(2455,57)
(2456,1609)
(2457,1866)
(2458,1427)
(2459,536)
(2460,2035)
(2461,235)
(2462,392)
(2463,364)
(2464,1031)
(2465,1529)
(2466,1013)
(2467,2116)
(2468,1896)
(2469,753)
(2470,1731)
(2471,41)
(2472,433)
(2473,2419)
(2474,169)
(2475,234)
(2476,452)
(2477,529)
(2478,1409)
(2479,41)
(2480,1858)
(2481,416)
(2482,852)
(2483,104)
(2484,1897)
(2485,727)
(2486,1178)
(2487,842)
(2488,425)
(2489,1911)
(2490,334)
(2491,846)
(2492,20)
(2493,881)
(2494,1023)
(2495,16)
(2496,1454)
(2497,1938)
(2498,1124)
(2499,778)
(2500,3)
(2501,1582)
(2502,2236)
(2503,156)
(2504,137)
(2505,723)
(2506,1805)
(2507,2215)
(2508,726)
(2509,449)
(2510,704)
(2511,1005)
(2512,53)
(2513,582)
(2514,1)
(2515,537)
(2516,1543)
(2517,514)
(2518,352)
(2519,1570)
(2520,1029)
(2521,1656)
(2522,1834)
(2523,1348)
(2524,2328)
(2525,2438)
(2526,161)
(2527,139)
(2528,96)
(2529,298)
(2530,1940)
(2531,1116)
(2532,1971)
(2533,2319)
(2534,1568)
(2535,442)
(2536,1675)
(2537,1842)
(2538,1077)
(2539,2)
(2540,751)
(2541,57)
(2542,1846)
(2543,549)
(2544,214)
(2545,1906)
(2546,109)
(2547,550)
(2548,917)
(2549,1219)
(2550,1028)
(2551,710)
(2552,2283)
(2553,481)
(2554,4)
(2555,12)
(2556,2333)
(2557,801)
(2558,419)
(2559,1702)
(2560,1361)
(2561,813)
(2562,937)
(2563,1992)
(2564,41)
(2565,1333)
(2566,1258)
(2567,848)
(2568,316)
(2569,1533)
(2570,1477)
(2571,537)
(2572,938)
(2573,1347)
(2574,387)
(2575,234)
(2576,1605)
(2577,1198)
(2578,2010)
(2579,2299)
(2580,283)
(2581,1411)
(2582,2339)
(2583,1218)
(2584,2122)
(2585,68)
(2586,266)
(2587,2320)
(2588,1275)
(2589,1668)
(2590,1735)
(2591,492)
(2592,11)
(2593,191)
(2594,1096)
(2595,276)
(2596,378)
(2597,186)
(2598,1159)
(2599,1032)
(2600,1527)
(2601,46)
(2602,1480)
(2603,1095)
(2604,643)
(2605,2280)
(2606,1141)
(2607,1753)
(2608,1555)
(2609,407)
(2610,132)
(2611,587)
(2612,96)
(2613,1982)
(2614,487)
(2615,209)
(2616,2214)
(2617,2080)
(2618,70)
(2619,417)
(2620,1627)
(2621,2086)
(2622,336)
(2623,1314)
(2624,717)
(2625,1576)
(2626,314)
(2627,28)
(2628,44)
(2629,774)
(2630,2620)
(2631,320)
(2632,1032)
(2633,842)
(2634,232)
(2635,2508)
(2636,1824)
(2637,2422)
(2638,751)
(2639,932)
(2640,350)
(2641,83)
(2642,2477)
(2643,2228)
(2644,2455)
(2645,211)
(2646,1329)
(2647,725)
(2648,484)
(2649,552)
(2650,2174)
(2651,2637)
(2652,328)
(2653,567)
(2654,1071)
(2655,327)
(2656,426)
(2657,291)
(2658,151)
(2659,1593)
(2660,918)
(2661,1494)
(2662,863)
(2663,1929)
(2664,887)
(2665,495)
(2666,339)
(2667,1208)
(2668,351)
(2669,1171)
(2670,988)
(2671,1943)
(2672,1337)
(2673,835)
(2674,1371)
(2675,186)
(2676,593)
(2677,233)
(2678,1)
(2679,1318)
(2680,836)
(2681,2619)
(2682,1927)
(2683,2644)
(2684,1536)
(2685,256)
(2686,1583)
(2687,717)
(2688,1538)
(2689,1685)
(2690,2214)
(2691,781)
(2692,2138)
(2693,1163)
(2694,1577)
(2695,333)
(2696,1034)
(2697,1599)
(2698,320)
(2699,39)
(2700,2437)
(2701,1193)
(2702,1801)
(2703,485)
(2704,2072)
(2705,260)
(2706,45)
(2707,614)
(2708,2388)
(2709,2094)
(2710,320)
(2711,1892)
(2712,712)
(2713,1719)
(2714,1928)
(2715,1531)
(2716,626)
(2717,1580)
(2718,1711)
(2719,511)
(2720,759)
(2721,1346)
(2722,1670)
(2723,204)
(2724,53)
(2725,841)
(2726,1180)
(2727,101)
(2728,1011)
(2729,2726)
(2730,1796)
(2731,1344)
(2732,2444)
(2733,261)
(2734,1378)
(2735,1276)
(2736,64)
(2737,2114)
(2738,46)
(2739,99)
(2740,169)
(2741,1160)
(2742,260)
(2743,364)
(2744,1089)
(2745,940)
(2746,6)
(2747,1965)
(2748,37)
(2749,2015)
(2750,929)
(2751,1938)
(2752,2245)
(2753,2073)
(2754,53)
(2755,1114)
(2756,2126)
(2757,1575)
(2758,2164)
(2759,2442)
(2760,292)
(2761,1524)
(2762,2589)
(2763,215)
(2764,890)
(2765,1904)
(2766,1205)
(2767,606)
(2768,92)
(2769,1537)
(2770,1766)
(2771,313)
(2772,589)
(2773,283)
(2774,266)
(2775,814)
(2776,2267)
(2777,918)
(2778,1463)
(2779,953)
(2780,2735)
(2781,338)
(2782,339)
(2783,585)
(2784,1114)
(2785,444)
(2786,969)
(2787,1141)
(2788,793)
(2789,1141)
(2790,84)
(2791,532)
(2792,392)
(2793,1269)
(2794,1058)
(2795,528)
(2796,1792)
(2797,1337)
(2798,2569)
(2799,1230)
(2800,643)
(2801,1430)
(2802,2342)
(2803,1091)
(2804,270)
(2805,1397)
(2806,52)
(2807,1795)
(2808,455)
(2809,880)
(2810,1206)
(2811,2674)
(2812,3)
(2813,246)
(2814,260)
(2815,2084)
(2816,1209)
(2817,192)
(2818,1061)
(2819,2535)
(2820,1388)
(2821,233)
(2822,709)
(2823,607)
(2824,1710)
(2825,1212)
(2826,2031)
(2827,506)
(2828,164)
(2829,2645)
(2830,1995)
(2831,2067)
(2832,1883)
(2833,36)
(2834,1176)
(2835,1807)
(2836,1318)
(2837,882)
(2838,2725)
(2839,613)
(2840,599)
(2841,1162)
(2842,631)
(2843,1389)
(2844,165)
(2845,820)
(2846,1916)
(2847,2349)
(2848,525)
(2849,909)
(2850,2775)
(2851,2278)
(2852,2559)
(2853,992)
(2854,2281)
(2855,2406)
(2856,317)
(2857,1904)
(2858,2122)
(2859,437)
(2860,2635)
(2861,1693)
(2862,2008)
(2863,1754)
(2864,2626)
(2865,1122)
(2866,2300)
(2867,2727)
(2868,2038)
(2869,162)
(2870,590)
(2871,2430)
(2872,1258)
(2873,7)
(2874,2137)
(2875,2629)
(2876,114)
(2877,258)
(2878,23)
(2879,1222)
(2880,1720)
(2881,1314)
(2882,315)
(2883,1207)
(2884,356)
(2885,957)
(2886,704)
(2887,1290)
(2888,663)
(2889,1040)
(2890,2372)
(2891,2144)
(2892,1)
(2893,782)
(2894,47)
(2895,481)
(2896,2032)
(2897,346)
(2898,1593)
(2899,918)
(2900,1252)
(2901,1393)
(2902,419)
(2903,1033)
(2904,207)
(2905,761)
(2906,1545)
(2907,2050)
(2908,488)
(2909,57)
(2910,1760)
(2911,370)
(2912,2311)
(2913,906)
(2914,161)
(2915,424)
(2916,1885)
(2917,293)
(2918,163)
(2919,223)
(2920,1815)
(2921,1845)
(2922,1190)
(2923,1349)
(2924,2225)
(2925,2166)
(2926,2083)
(2927,1708)
(2928,76)
(2929,1103)
(2930,1067)
(2931,2586)
(2932,1947)
(2933,156)
(2934,1851)
(2935,1690)
(2936,2766)
(2937,1392)
(2938,2808)
(2939,1261)
(2940,1913)
(2941,1)
(2942,525)
(2943,901)
(2944,971)
(2945,1738)
(2946,515)
(2947,57)
(2948,1537)
(2949,550)
(2950,2154)
(2951,927)
(2952,256)
(2953,2920)
(2954,2705)
(2955,25)
(2956,2625)
(2957,1524)
(2958,1634)
(2959,1748)
(2960,110)
(2961,2566)
(2962,1490)
(2963,392)
(2964,1758)
(2965,768)
(2966,650)
(2967,621)
(2968,1914)
(2969,613)
(2970,1441)
(2971,1118)
(2972,1190)
(2973,2166)
(2974,589)
(2975,257)
(2976,1461)
(2977,1010)
(2978,818)
(2979,2732)
(2980,2207)
(2981,2375)
(2982,50)
(2983,2237)
(2984,1755)
(2985,1032)
(2986,603)
(2987,2618)
(2988,2542)
(2989,2670)
(2990,473)
(2991,1146)
(2992,866)
(2993,201)
(2994,1495)
(2995,83)
(2996,2543)
(2997,245)
(2998,131)
(2999,2298)
(3000,116)
(3001,109)
(3002,709)
(3003,1429)
(3004,2323)
(3005,593)
(3006,1581)
(3007,118)
(3008,422)
(3009,677)
(3010,793)
(3011,999)
(3012,1210)
(3013,1724)
(3014,50)
(3015,2648)
(3016,433)
(3017,1556)
(3018,233)
(3019,856)
(3020,501)
(3021,1616)
(3022,265)
(3023,599)
(3024,1857)
(3025,2156)
(3026,152)
(3027,297)
(3028,852)
(3029,1925)
(3030,161)
(3031,2699)
(3032,2473)
(3033,1393)
(3034,2959)
(3035,711)
(3036,883)
(3037,4)
(3038,2722)
(3039,1332)
(3040,1183)
(3041,2491)
(3042,279)
(3043,382)
(3044,1078)
(3045,709)
(3046,1006)
(3047,279)
(3048,486)
(3049,4)
(3050,103)
(3051,2646)
(3052,1531)
(3053,20)
(3054,110)
(3055,1398)
(3056,392)
(3057,388)
(3058,2659)
(3059,222)
(3060,1193)
(3061,312)
(3062,2214)
(3063,98)
(3064,1128)
(3065,221)
(3066,1537)
(3067,1309)
(3068,7)
(3069,439)
(3070,1489)
(3071,2086)
(3072,2339)
(3073,274)
(3074,689)
(3075,775)
(3076,1335)
(3077,391)
(3078,1731)
(3079,748)
(3080,2823)
(3081,237)
(3082,724)
(3083,373)
(3084,1978)
(3085,185)
(3086,1177)
(3087,2253)
(3088,774)
(3089,1163)
(3090,72)
(3091,1107)
(3092,1103)
(3093,1508)
(3094,976)
(3095,2)
(3096,656)
(3097,974)
(3098,1896)
(3099,1785)
(3100,612)
(3101,1276)
(3102,1153)
(3103,569)
(3104,491)
(3105,1268)
(3106,2575)
(3107,1900)
(3108,250)
(3109,100)
(3110,305)
(3111,2442)
(3112,300)
(3113,1748)
(3114,2460)
(3115,253)
(3116,1378)
(3117,2488)
(3118,408)
(3119,2800)
(3120,1939)
(3121,292)
(3122,12)
(3123,379)
(3124,1020)
(3125,2154)
(3126,2666)
(3127,44)
(3128,3095)
(3129,172)
(3130,37)
(3131,82)
(3132,1138)
(3133,1087)
(3134,722)
(3135,1925)
(3136,1040)
(3137,1942)
(3138,3)
(3139,42)
(3140,3041)
(3141,244)
(3142,1457)
(3143,989)
(3144,754)
(3145,583)
(3146,277)
(3147,969)
(3148,73)
(3149,2528)
(3150,1112)
(3151,2448)
(3152,1600)
(3153,910)
(3154,513)
(3155,2559)
(3156,902)
(3157,1142)
(3158,735)
(3159,1135)
(3160,858)
(3161,3138)
(3162,9)
(3163,2121)
(3164,2540)
(3165,2331)
(3166,266)
(3167,2375)
(3168,1190)
(3169,3013)
(3170,2421)
(3171,1600)
(3172,182)
(3173,335)
(3174,133)
(3175,286)
(3176,1296)
(3177,360)
(3178,3071)
(3179,456)
(3180,1266)
(3181,854)
(3182,513)
(3183,215)
(3184,2257)
(3185,240)
(3186,779)
(3187,688)
(3188,747)
(3189,44)
(3190,3)
(3191,280)
(3192,1340)
(3193,1664)
(3194,271)
(3195,1462)
(3196,372)
(3197,468)
(3198,110)
(3199,75)
(3200,1733)
(3201,554)
(3202,1446)
(3203,2345)
(3204,51)
(3205,50)
(3206,253)
(3207,2908)
(3208,2393)
(3209,694)
(3210,1609)
(3211,2102)
(3212,1394)
(3213,3074)
(3214,1050)
(3215,1489)
(3216,1796)
(3217,916)
(3218,3075)
(3219,2328)
(3220,894)
(3221,2304)
(3222,709)
(3223,2684)
(3224,678)
(3225,127)
(3226,387)
(3227,688)
(3228,1102)
(3229,604)
(3230,533)
(3231,1150)
(3232,110)
(3233,769)
(3234,945)
(3235,3130)
(3236,2583)
(3237,761)
(3238,1918)
(3239,910)
(3240,1683)
(3241,724)
(3242,199)
(3243,1224)
(3244,1297)
(3245,260)
(3246,524)
(3247,14)
(3248,2169)
(3249,182)
(3250,814)
(3251,1832)
(3252,922)
(3253,735)
(3254,1522)
(3255,2089)
(3256,378)
(3257,2504)
(3258,1159)
(3259,880)
(3260,335)
(3261,526)
(3262,668)
(3263,889)
(3264,2232)
(3265,1710)
(3266,2597)
(3267,1487)
(3268,353)
(3269,1665)
(3270,729)
(3271,945)
(3272,2008)
(3273,110)
(3274,264)
(3275,2208)
(3276,2295)
(3277,2874)
(3278,1731)
(3279,1030)
(3280,788)
(3281,1047)
(3282,1725)
(3283,17)
(3284,1965)
(3285,736)
(3286,983)
(3287,716)
(3288,986)
(3289,796)
(3290,623)
(3291,2807)
(3292,2934)
(3293,809)
(3294,2960)
(3295,1163)
(3296,1324)
(3297,835)
(3298,233)
(3299,1711)
(3300,1041)
(3301,2895)
(3302,1012)
(3303,3)
(3304,2303)
(3305,312)
(3306,1377)
(3307,948)
(3308,2479)
(3309,106)
(3310,541)
(3311,167)
(3312,1171)
(3313,7)
(3314,3273)
(3315,2493)
(3316,2965)
(3317,508)
(3318,1325)
(3319,1400)
(3320,942)
(3321,1288)
(3322,14)
(3323,3013)
(3324,42)
(3325,516)
(3326,1065)
(3327,3203)
(3328,896)
(3329,2063)
(3330,1531)
(3331,320)
(3332,285)
(3333,707)
(3334,2917)
(3335,2131)
(3336,347)
(3337,747)
(3338,280)
(3339,200)
(3340,2976)
(3341,1899)
(3342,1498)
(3343,755)
(3344,1114)
(3345,203)
(3346,464)
(3347,2419)
(3348,2669)
(3349,253)
(3350,108)
(3351,2748)
(3352,476)
(3353,110)
(3354,1312)
(3355,824)
(3356,600)
(3357,2774)
(3358,163)
(3359,960)
(3360,346)
(3361,141)
(3362,1312)
(3363,1220)
(3364,801)
(3365,1534)
(3366,994)
(3367,1112)
(3368,2780)
(3369,2774)
(3370,292)
(3371,2652)
(3372,1344)
(3373,246)
(3374,28)
(3375,290)
(3376,1470)
(3377,275)
(3378,555)
(3379,2410)
(3380,2548)
(3381,385)
(3382,3344)
(3383,1451)
(3384,680)
(3385,588)
(3386,1615)
(3387,650)
(3388,3351)
(3389,745)
(3390,2054)
(3391,303)
(3392,2622)
(3393,311)
(3394,415)
(3395,2396)
(3396,116)
(3397,1286)
(3398,2767)
(3399,1852)
(3400,2249)
(3401,72)
(3402,1302)
(3403,3059)
(3404,1587)
(3405,1442)
(3406,1112)
(3407,725)
(3408,2666)
(3409,2892)
(3410,2148)
(3411,1325)
(3412,333)
(3413,1114)
(3414,2517)
(3415,2857)
(3416,706)
(3417,1191)
(3418,231)
(3419,339)
(3420,1039)
(3421,1964)
(3422,2495)
(3423,508)
(3424,3208)
(3425,590)
(3426,39)
(3427,30)
(3428,710)
(3429,606)
(3430,7)
(3431,7)
(3432,3060)
(3433,99)
(3434,248)
(3435,2755)
(3436,3093)
(3437,2529)
(3438,2670)
(3439,332)
(3440,827)
(3441,895)
(3442,1849)
(3443,452)
(3444,2734)
(3445,77)
(3446,118)
(3447,3159)
(3448,782)
(3449,627)
(3450,2561)
(3451,136)
(3452,170)
(3453,1737)
(3454,305)
(3455,506)
(3456,225)
(3457,945)
(3458,142)
(3459,338)
(3460,692)
(3461,1675)
(3462,1475)
(3463,114)
(3464,1981)
(3465,1271)
(3466,906)
(3467,2029)
(3468,577)
(3469,590)
(3470,25)
(3471,802)
(3472,2734)
(3473,3101)
(3474,1390)
(3475,382)
(3476,3352)
(3477,3351)
(3478,2307)
(3479,1315)
(3480,2607)
(3481,2528)
(3482,799)
(3483,190)
(3484,2183)
(3485,1657)
(3486,1587)
(3487,1209)
(3488,111)
(3489,1256)
(3490,110)
(3491,247)
(3492,2768)
(3493,2249)
(3494,1010)
(3495,1593)
(3496,2640)
(3497,482)
(3498,1904)
(3499,55)
(3500,2462)
